[
    [
        [
            [40, 40, 80, 80, 0], [120, 40, 160, 80, 0], [40, 120, 80, 160, 0], [120, 120, 160, 160, 0],
            [760, 40, 800, 80, 1], [840, 40, 880, 80, 1], [760, 120, 800, 160, 1], [840, 120, 880, 160, 1],
            [760, 760, 800, 800, 2], [840, 760, 880, 800, 2], [760, 840, 800, 880, 2], [840, 840, 880, 880, 2],
            [40, 760, 80, 800, 3], [120, 760, 160, 800, 3], [40, 840, 80, 880, 3], [120, 840, 160, 880, 3],
            [120, 440, 160, 480, 0], [200, 440, 240, 480, 0], [280, 440, 320, 480, 0], [360, 440, 400, 480, 0],
            [440, 120, 480, 160, 1], [440, 200, 480, 240, 1], [440, 280, 480, 320, 1], [440, 360, 480, 400, 1],
            [520, 440, 560, 480, 2], [600, 440, 640, 480, 2], [680, 440, 720, 480, 2], [760, 440, 800, 480, 2],
            [440, 520, 480, 560, 3], [440, 600, 480, 640, 3], [440, 680, 480, 720, 3], [440, 760, 480, 800, 3],
            [40, 360, 80, 400, 0],
            [120, 360, 160, 400, 4],
            [200, 360, 240, 400, 4],
            [280, 360, 320, 400, 4],
            [360, 360, 400, 400, 4],
            [360, 280, 400, 320, 4],
            [360, 200, 400, 240, 4],
            [360, 120, 400, 160, 4],
            [360, 40, 400, 80, 4],
            [440, 40, 480, 80, 4],
            [520, 40, 560, 80, 1],
            [520, 120, 560, 160, 4],
            [520, 200, 560, 240, 4],
            [520, 280, 560, 320, 4],
            [520, 360, 560, 400, 4],
            [600, 360, 640, 400, 4],
            [680, 360, 720, 400, 4],
            [760, 360, 800, 400, 4],
            [840, 360, 880, 400, 4],
            [840, 440, 880, 480, 4],
            [840, 520, 880, 560, 2],
            [760, 520, 800, 560, 4],
            [680, 520, 720, 560, 4],
            [600, 520, 640, 560, 4],
            [520, 520, 560, 560, 4],
            [520, 600, 560, 640, 4],
            [520, 680, 560, 720, 4],
            [520, 760, 560, 800, 4],
            [520, 840, 560, 880, 4],
            [440, 840, 480, 880, 4],
            [360, 840, 400, 880, 3],
            [360, 760, 400, 800, 4],
            [360, 680, 400, 720, 4],
            [360, 600, 400, 640, 4],
            [360, 520, 400, 560, 4],
            [280, 520, 320, 560, 4],
            [200, 520, 240, 560, 4],
            [120, 520, 160, 560, 4],
            [40, 520, 80, 560, 4],
            [40, 440, 80, 480, 4]
        ],0
    ],
    [
        [
            [40, 40, 80, 80, 0], [120, 40, 160, 80, 0], [40, 120, 80, 160, 0], [120, 120, 160, 160, 0],
            [760, 40, 800, 80, 1], [840, 40, 880, 80, 1], [760, 120, 800, 160, 1], [840, 120, 880, 160, 1],
            [760, 760, 800, 800, 2], [840, 760, 880, 800, 2], [760, 840, 800, 880, 2], [840, 840, 880, 880, 2],
            [40, 760, 80, 800, 3], [120, 760, 160, 800, 3], [40, 840, 80, 880, 3], [120, 840, 160, 880, 3],
            [120, 440, 160, 480, 0], [200, 440, 240, 480, 0], [280, 440, 320, 480, 0], [360, 440, 400, 480, 0],
            [440, 120, 480, 160, 1], [440, 200, 480, 240, 1], [440, 280, 480, 320, 1], [440, 360, 480, 400, 1],
            [520, 440, 560, 480, 2], [600, 440, 640, 480, 2], [680, 440, 720, 480, 2], [760, 440, 800, 480, 2],
            [440, 520, 480, 560, 3], [440, 600, 480, 640, 3], [440, 680, 480, 720, 3], [440, 760, 480, 800, 3],
            [40, 360, 80, 400, 0],
            [120, 360, 160, 400, 4],
            [200, 360, 240, 400, 4],
            [280, 360, 320, 400, 4],
            [360, 360, 400, 400, 4],
            [360, 280, 400, 320, 4],
            [360, 200, 400, 240, 4],
            [360, 120, 400, 160, 4],
            [360, 40, 400, 80, 4],
            [440, 40, 480, 80, 4],
            [520, 40, 560, 80, 1],
            [520, 120, 560, 160, 4],
            [520, 200, 560, 240, 4],
            [520, 280, 560, 320, 4],
            [520, 360, 560, 400, 4],
            [600, 360, 640, 400, 4],
            [680, 360, 720, 400, 4],
            [760, 360, 800, 400, 4],
            [840, 360, 880, 400, 4],
            [840, 440, 880, 480, 4],
            [840, 520, 880, 560, 2],
            [760, 520, 800, 560, 4],
            [680, 520, 720, 560, 4],
            [600, 520, 640, 560, 4],
            [520, 520, 560, 560, 4],
            [520, 600, 560, 640, 4],
            [520, 680, 560, 720, 4],
            [520, 760, 560, 800, 4],
            [520, 840, 560, 880, 4],
            [440, 840, 480, 880, 4],
            [360, 840, 400, 880, 3],
            [360, 760, 400, 800, 4],
            [360, 680, 400, 720, 4],
            [360, 600, 400, 640, 4],
            [360, 520, 400, 560, 4],
            [280, 520, 320, 560, 4],
            [200, 520, 240, 560, 4],
            [120, 520, 160, 560, 4],
            [40, 520, 80, 560, 4],
            [40, 440, 80, 480, 4]
        ],0
    ]
]
